-4.073029795045695067e-01
7.659326228137739445e-01
8.965010738748304675e-01
8.789421499160128270e-01
7.766288917926464919e-01
5.744154317870593385e-01
-1.721711748677223763e-01
4.551458579396685522e-01
3.623056441851444376e-01
4.837241092532991171e-01
6.362512247754881223e-02
-3.910752789363087789e-01
1.457165479822586374e-01
1.919780566581879011e-01
2.760470819127187614e-01
-1.517795844758960122e-01
-1.312083302497464299e-01
-2.574644203160338929e-01
3.884103732758832361e-01
7.519749308015999389e-01
-7.922814561266893207e-01
-2.266977528536235909e-01
8.808974064144892147e-01
-2.651176442296510061e-03
3.242707441289365278e-01
3.230665883802226190e-01
1.680637280769321507e-01
9.043883572525579506e-01
-6.888855537860840705e-01
1.346883644469907271e-01
-9.659703512108455126e-01
1.520765689291003753e-01
-6.581070126991228619e-02
-8.587405925937097173e-01
6.506063978888279031e-01
-4.906083292784284566e-01
-3.598648903620409456e-01
-5.627677036884866091e-01
-7.470940967084822582e-01
2.815651575856294997e-01
5.551762437258829230e-01
9.476874307537475062e-02
-5.285012260537313988e-01
4.580125653064590630e-01
3.917896589372944494e-01
-8.280952359805153762e-01
-5.392530244862541178e-01
-4.917112108050232244e-01
-8.341977251307310937e-01
6.253283222628058802e-01
