9.120252539581634732e-01 0.000000000000000000e+00 5.093144807244460726e-01 -8.651495344391681996e-01
-3.648262385799205809e-01 8.217167339521688207e-01 0.000000000000000000e+00 -1.150621432054184323e+00
4.873393198152784489e-01 6.350527226112887558e-01 6.801750843559009052e-01 0.000000000000000000e+00
-4.148288069095659170e-01 2.859681798456024104e+00 -3.976865176011790126e-02 1.251486957059774197e+00
-1.002155005067257409e+00 1.866744774021980025e-01 1.015925440006563818e+00 0.000000000000000000e+00
-6.416778941766259070e-01 9.653167740333850055e-01 4.449477552539990999e-01 -3.690323524975223091e-01
5.571652681902268256e-01 -4.657286771978247364e-01 7.197012046805053576e-01 7.759867402884850218e-01
-5.015210752316520137e-01 9.063594560137671063e-01 7.905710202137059550e-01 7.551756942256870886e-01
-6.127139002024191150e-01 3.376326724864542328e-01 9.957930857344403641e-01 0.000000000000000000e+00
-4.406031053871052316e-01 -4.737898851010506895e-01 2.242449093066789523e-02 9.405750325356923014e-01
9.173622521856410472e-01 -2.162314438350309231e+00 5.210006448587000127e-01 -6.716790980904061570e-01
-1.997638979363705491e+00 -2.296205260354606814e-01 -2.310054920652580002e-01 9.386656581119829923e-01
1.257958128910540818e+00 -1.984475212659373433e-01 6.415091598330262546e-01 -6.769820595149567133e-01
0.000000000000000000e+00 9.128705842490010269e-01 -4.199053212241508071e-01 -0.000000000000000000e+00
-1.093286780759618271e+00 1.522980953863471765e+00 9.063594560137671063e-01 8.986256290341116948e-01
0.000000000000000000e+00 9.173622521856410472e-01 -1.330197301053634984e-01 2.654577851849524439e-01
5.565789978757962331e-02 -1.909389188458490150e-01 0.000000000000000000e+00 -7.216600687731873354e-01
1.280622589677000711e-01 -4.753084846285140497e-01 2.280221592709643641e-01 -6.649780298635588061e-01
7.888853192227061051e-01 -8.252844941887921282e-01 -0.000000000000000000e+00 -4.011991910174657061e-01
-9.112285240385662455e-01 -6.216196056646479118e-01 -1.046525357852789995e-01 -4.011991910174657061e-01
-1.210170886800103540e+00 6.179177569478986332e-01 1.057774301626064339e+00 0.000000000000000000e+00
3.829519763327167148e-01 -8.852044960819843711e-01 -1.040144375954185074e-01 1.040221045852458559e-01
1.782368225456134381e+00 0.000000000000000000e+00 0.000000000000000000e+00 -9.874577052461881443e-01
0.000000000000000000e+00 -2.311341605192429594e-02 1.143699221549204559e+00 2.460656179158549950e+00
1.111249963591522949e-01 7.459821200350960080e-01 -4.389231802941235827e-01 0.000000000000000000e+00
6.684820492452068219e-01 -1.421277392823403485e-01 5.007573544529568821e-01 -2.516104424383243110e-01
0.000000000000000000e+00 -1.497846615450705299e+00 3.119486518206753267e-01 2.792207476740828920e-01
-5.200461909020670515e-02 0.000000000000000000e+00 9.852609749847284215e-01 -1.354427427703685627e+00
-3.723572662636013275e-01 8.671432465607635809e-01 1.719791953239605764e+00 -4.649866943181426571e-01
-1.749919195389210369e+00 -3.394258150109776828e-01 -4.158231021499232405e-01 4.863921076092929674e-01
3.446328337946241716e-01 -4.286013222923850119e-01 7.497579584479145964e-01 -7.353611464086640126e-02
-5.164751024124163425e-01 0.000000000000000000e+00 0.000000000000000000e+00 4.360038631847524826e-01
-6.025660255151867872e-01 0.000000000000000000e+00 -8.488586959760862083e-01 2.859222333208969458e-01
-6.460364878405542299e-01 9.501714673576813208e-01 0.000000000000000000e+00 2.280221592709643641e-01
8.511779979880114144e-01 -1.188270239400182504e+00 2.025665446642812562e-01 6.252431489068208670e-01
9.405750325356923014e-01 -8.486752550337430812e-01 -8.087154972310461876e-02 -7.852207771243230328e-01
-6.528929870739257346e-01 3.859002714985921845e-01 6.161288666690771798e-01 1.947946692054121076e-01
0.000000000000000000e+00 8.786409038554849893e-01 0.000000000000000000e+00 0.000000000000000000e+00
-9.808452472813455891e-02 1.689326716654253602e-01 1.699507511009104022e-01 0.000000000000000000e+00
4.832798935020750086e-01 -5.804453015626296342e-01 -2.296205260354606814e-01 0.000000000000000000e+00
3.823379669838260497e-01 -2.184385787350253683e-01 2.433490148243131479e-01 2.068509337858254193e-01
-4.539858536641034892e-01 9.079223663608879669e-01 0.000000000000000000e+00 -4.148288069095659170e-01
1.462816719929201925e-01 3.029641080742171422e-01 5.477717192672633129e-01 4.808865195461078379e-01
9.755083594490943089e-02 -1.167634503492682718e+00 -2.636323603973316221e-01 -7.345381120413485565e-01
-2.562553678046710637e-01 4.832798935020750086e-01 1.629537593243060023e-01 -1.151165233222701811e-01
3.482335596802121902e-01 -0.000000000000000000e+00 0.000000000000000000e+00 8.916312654264135773e-02
-4.760170639245235868e-01 4.832798935020750086e-01 2.026107671711447900e-01 5.132222429077730741e-01
-3.533997628174245786e-01 -2.009679579101624203e-01 1.925183198081382718e+00 5.678618205894682136e-01
-6.938298109238733025e-01 -6.284510946732528858e-01 9.755083594490943089e-02 -6.145885637261390144e-01
-4.692836199337357961e-01 -0.000000000000000000e+00 3.819923895850573237e-01 0.000000000000000000e+00
